

10.438452178497442, 12.568109462024156, 13.835543132421348, 15.061018014497446, 15.447242055988365, 17.44034487290601, 18.609194504138088, 19.768434261713637, 20.92220107029094, 22.06997731925978, 23.215038413724606, 24.35662557763137, 25.496083277573597, 26.6343313031129, 27.77012090908375, 28.906263038693766, 30.04000644853334, 31.17429469282464, 32.30730967197223, 33.439782877693915, 34.572706666385216, 35.703813329082095, 36.83643985017399, 37.967088355934536, 39.0987691157158, 40.22979060694412, 41.36017589708311, 42.491698648972914, 43.621200804671844, 

10.438452178497442, 12.568109462024156, 13.835543132421348, 15.061018014497446, 15.447242055988365, 17.44034487290601, 18.609194504138088, 19.768434261713637, 20.92220107029094, 22.06997731925978, 23.215038413724606, 24.35662557763137, 25.496083277573597, 26.6343313031129, 27.77012090908375, 28.906263038693766, 30.04000644853334, 31.17429469282464, 32.30730967197223, 33.439782877693915, 34.572706666385216, 35.703813329082095, 36.83643985017399, 37.967088355934536, 39.0987691157158, 40.22979060694412, 41.36017589708311, 42.491698648972914, 43.621200804671844, 9.64128465764965, 10.746080021368854, 12.367491194851215, 13.65594983039433, 15.06577197633387, 15.80620491318982, 17.346171466381023, 18.140588793383344, 19.768434261713637, 20.59981325813127, 22.288888732685948, 23.145548958315732, 24.00856283028921, 25.753255674170468, 26.63367388323797, 27.518369849424168, 28.4069417975638, 30.195623200068823, 31.09525235388964, 31.997274567752903, 33.80963184716887, 34.71870819055093, 35.63082858681766, 36.544173979240114, 37.45961198331416, 39.29520688693603, 40.21582406104778, 41.136929508975854, 42.059873249235466, 43.90867858280859, 

10.438452178497442, 12.568109462024156, 13.835543132421348, 15.061018014497446, 15.447242055988365, 17.44034487290601, 18.609194504138088, 19.768434261713637, 20.92220107029094, 22.06997731925978, 23.215038413724606, 24.35662557763137, 25.496083277573597, 26.6343313031129, 27.77012090908375, 28.906263038693766, 30.04000644853334, 31.17429469282464, 32.30730967197223, 33.439782877693915, 34.572706666385216, 35.703813329082095, 36.83643985017399, 37.967088355934536, 39.0987691157158, 40.22979060694412, 41.36017589708311, 42.491698648972914, 43.621200804671844, 9.64128465764965, 10.746080021368854, 12.367491194851215, 13.65594983039433, 15.06577197633387, 15.80620491318982, 17.346171466381023, 18.140588793383344, 19.768434261713637, 20.59981325813127, 22.288888732685948, 23.145548958315732, 24.00856283028921, 25.753255674170468, 26.63367388323797, 27.518369849424168, 28.4069417975638, 30.195623200068823, 31.09525235388964, 31.997274567752903, 33.80963184716887, 34.71870819055093, 35.63082858681766, 36.544173979240114, 37.45961198331416, 39.29520688693603, 40.21582406104778, 41.136929508975854, 42.059873249235466, 43.90867858280859, 12.568109462024156, 15.061018014497446, 17.44034487290601, 19.768434261713637, 22.06997731925978, 24.35662557763137, 26.6343313031129, 28.906263038693766, 31.17429469282464, 33.439782877693915, 35.703813329082095, 37.967088355934536, 40.22979060694412, 42.491698648972914, 44.752562413892605, 47.01245367201462, 48.423935097212365, 50.6821403710713, 52.939379873258645, 55.19579974195193, 56.602701871519486, 58.8576084124505, 61.1115683719315, 63.364871678822745, 65.61802361189953, 67.0193053904639, 69.27030276776989, 71.52086234846061, 73.77145723164622, 

10.438452178497442, 12.568109462024156, 13.835543132421348, 15.061018014497446, 15.447242055988365, 17.44034487290601, 18.609194504138088, 19.768434261713637, 20.92220107029094, 22.06997731925978, 23.215038413724606, 24.35662557763137, 25.496083277573597, 26.6343313031129, 27.77012090908375, 28.906263038693766, 30.04000644853334, 31.17429469282464, 32.30730967197223, 33.439782877693915, 34.572706666385216, 35.703813329082095, 36.83643985017399, 37.967088355934536, 39.0987691157158, 40.22979060694412, 41.36017589708311, 42.491698648972914, 43.621200804671844, 9.64128465764965, 10.746080021368854, 12.367491194851215, 13.65594983039433, 15.06577197633387, 15.80620491318982, 17.346171466381023, 18.140588793383344, 19.768434261713637, 20.59981325813127, 22.288888732685948, 23.145548958315732, 24.00856283028921, 25.753255674170468, 26.63367388323797, 27.518369849424168, 28.4069417975638, 30.195623200068823, 31.09525235388964, 31.997274567752903, 33.80963184716887, 34.71870819055093, 35.63082858681766, 36.544173979240114, 37.45961198331416, 39.29520688693603, 40.21582406104778, 41.136929508975854, 42.059873249235466, 43.90867858280859, 12.568109462024156, 15.061018014497446, 17.44034487290601, 19.768434261713637, 22.06997731925978, 24.35662557763137, 26.6343313031129, 28.906263038693766, 31.17429469282464, 33.439782877693915, 35.703813329082095, 37.967088355934536, 40.22979060694412, 42.491698648972914, 44.752562413892605, 47.01245367201462, 48.423935097212365, 50.6821403710713, 52.939379873258645, 55.19579974195193, 56.602701871519486, 58.8576084124505, 61.1115683719315, 63.364871678822745, 65.61802361189953, 67.0193053904639, 69.27030276776989, 71.52086234846061, 73.77145723164622, 9.64128465764965, 12.367491194851215, 15.06577197633387, 17.346171466381023, 19.768434261713637, 22.288888732685948, 24.00856283028921, 26.63367388323797, 28.4069417975638, 31.09525235388964, 33.80963184716887, 35.63082858681766, 37.45961198331416, 40.21582406104778, 42.059873249235466, 44.83527309746741, 46.69029658001091, 48.54870244331779, 50.410389899683366, 53.20838024849033, 55.076422110310986, 56.94685964588622, 58.81940065152055, 60.69359659611695, 63.507357117154015, 65.38535263667299, 67.26439975700845, 69.14439875342133, 71.02549077925575, 73.84958051801962, 

12.568109462024156, 15.061018014497446, 17.44034487290601, 19.768434261713637, 22.06997731925978, 24.35662557763137, 26.6343313031129, 28.906263038693766, 31.17429469282464, 33.439782877693915, 35.703813329082095, 37.967088355934536, 40.22979060694412, 42.491698648972914, 44.752562413892605, 47.01245367201462, 48.423935097212365, 50.6821403710713, 52.939379873258645, 55.19579974195193, 56.602701871519486, 58.8576084124505, 61.1115683719315, 63.364871678822745, 65.61802361189953, 67.0193053904639, 69.27030276776989, 71.52086234846061, 73.77145723164622, 

12.568109462024156, 15.061018014497446, 17.44034487290601, 19.768434261713637, 22.06997731925978, 24.35662557763137, 26.6343313031129, 28.906263038693766, 31.17429469282464, 33.439782877693915, 35.703813329082095, 37.967088355934536, 40.22979060694412, 42.491698648972914, 44.752562413892605, 47.01245367201462, 48.423935097212365, 50.6821403710713, 52.939379873258645, 55.19579974195193, 56.602701871519486, 58.8576084124505, 61.1115683719315, 63.364871678822745, 65.61802361189953, 67.0193053904639, 69.27030276776989, 71.52086234846061, 73.77145723164622, 

12.568109462024156, 15.061018014497446, 17.44034487290601, 19.768434261713637, 22.06997731925978, 24.35662557763137, 26.6343313031129, 28.906263038693766, 31.17429469282464, 33.439782877693915, 35.703813329082095, 37.967088355934536, 40.22979060694412, 42.491698648972914, 44.752562413892605, 47.01245367201462, 48.423935097212365, 50.6821403710713, 52.939379873258645, 55.19579974195193, 56.602701871519486, 58.8576084124505, 61.1115683719315, 63.364871678822745, 65.61802361189953, 67.0193053904639, 69.27030276776989, 71.52086234846061, 73.77145723164622, 9.64128465764965, 12.367491194851215, 15.06577197633387, 17.346171466381023, 19.768434261713637, 22.288888732685948, 24.00856283028921, 26.63367388323797, 28.4069417975638, 31.09525235388964, 33.80963184716887, 35.63082858681766, 37.45961198331416, 40.21582406104778, 42.059873249235466, 44.83527309746741, 46.69029658001091, 48.54870244331779, 50.410389899683366, 53.20838024849033, 55.076422110310986, 56.94685964588622, 58.81940065152055, 60.69359659611695, 63.507357117154015, 65.38535263667299, 67.26439975700845, 69.14439875342133, 71.02549077925575, 73.84958051801962, 

12.568109462024156, 15.061018014497446, 17.44034487290601, 19.768434261713637, 22.06997731925978, 24.35662557763137, 26.6343313031129, 28.906263038693766, 31.17429469282464, 33.439782877693915, 35.703813329082095, 37.967088355934536, 40.22979060694412, 42.491698648972914, 44.752562413892605, 47.01245367201462, 48.423935097212365, 50.6821403710713, 52.939379873258645, 55.19579974195193, 56.602701871519486, 58.8576084124505, 61.1115683719315, 63.364871678822745, 65.61802361189953, 67.0193053904639, 69.27030276776989, 71.52086234846061, 73.77145723164622, 9.64128465764965, 12.367491194851215, 15.06577197633387, 17.346171466381023, 19.768434261713637, 22.288888732685948, 24.00856283028921, 26.63367388323797, 28.4069417975638, 31.09525235388964, 33.80963184716887, 35.63082858681766, 37.45961198331416, 40.21582406104778, 42.059873249235466, 44.83527309746741, 46.69029658001091, 48.54870244331779, 50.410389899683366, 53.20838024849033, 55.076422110310986, 56.94685964588622, 58.81940065152055, 60.69359659611695, 63.507357117154015, 65.38535263667299, 67.26439975700845, 69.14439875342133, 71.02549077925575, 73.84958051801962, 12.568109462024156, 15.061018014497446, 18.268399430718077, 20.59981325813127, 23.74555923652474, 26.035776614412267, 28.316516078428073, 30.59122487120849, 32.86213084700787, 35.98542132422773, 38.253117549757675, 40.519546194641975, 42.78533150650729, 45.05073025273354, 47.31555413148344, 49.57942095220676, 52.70579942351613, 54.104000030529896, 57.23185425580387, 58.626707740717045, 60.88768719650084, 64.01419588249799, 65.40694099537525, 67.66496082290652, 69.92241356543911, 72.17971646211413, 74.43685506503559, 76.69340454309322, 78.9489322003633, 

12.568109462024156, 15.061018014497446, 17.44034487290601, 19.768434261713637, 22.06997731925978, 24.35662557763137, 26.6343313031129, 28.906263038693766, 31.17429469282464, 33.439782877693915, 35.703813329082095, 37.967088355934536, 40.22979060694412, 42.491698648972914, 44.752562413892605, 47.01245367201462, 48.423935097212365, 50.6821403710713, 52.939379873258645, 55.19579974195193, 56.602701871519486, 58.8576084124505, 61.1115683719315, 63.364871678822745, 65.61802361189953, 67.0193053904639, 69.27030276776989, 71.52086234846061, 73.77145723164622, 9.64128465764965, 12.367491194851215, 15.06577197633387, 17.346171466381023, 19.768434261713637, 22.288888732685948, 24.00856283028921, 26.63367388323797, 28.4069417975638, 31.09525235388964, 33.80963184716887, 35.63082858681766, 37.45961198331416, 40.21582406104778, 42.059873249235466, 44.83527309746741, 46.69029658001091, 48.54870244331779, 50.410389899683366, 53.20838024849033, 55.076422110310986, 56.94685964588622, 58.81940065152055, 60.69359659611695, 63.507357117154015, 65.38535263667299, 67.26439975700845, 69.14439875342133, 71.02549077925575, 73.84958051801962, 12.568109462024156, 15.061018014497446, 18.268399430718077, 20.59981325813127, 23.74555923652474, 26.035776614412267, 28.316516078428073, 30.59122487120849, 32.86213084700787, 35.98542132422773, 38.253117549757675, 40.519546194641975, 42.78533150650729, 45.05073025273354, 47.31555413148344, 49.57942095220676, 52.70579942351613, 54.104000030529896, 57.23185425580387, 58.626707740717045, 60.88768719650084, 64.01419588249799, 65.40694099537525, 67.66496082290652, 69.92241356543911, 72.17971646211413, 74.43685506503559, 76.69340454309322, 78.9489322003633, 10.696176248107648, 13.274568661370001, 16.57726803307652, 18.84408081479284, 22.06997731925978, 24.594926950462686, 28.057412867908923, 29.8195102355549, 33.388406440942475, 35.191100452707246, 37.91385382789244, 40.65445046804645, 43.409076699683055, 46.17561794437509, 48.02604610129329, 50.808406439271764, 52.667805437887324, 55.46217814389306, 58.262764130739846, 61.06807547993973, 62.94061146093343, 64.81466393849576, 67.6294275732341, 70.44685686148617, 73.2669629412348, 75.14887516813721, 77.03186709238173, 79.85734620732536, 81.74261216982791, 84.57120947561903, 

12.568109462024156, 15.061018014497446, 17.44034487290601, 19.768434261713637, 22.06997731925978, 24.35662557763137, 26.6343313031129, 28.906263038693766, 31.17429469282464, 33.439782877693915, 35.703813329082095, 37.967088355934536, 40.22979060694412, 42.491698648972914, 44.752562413892605, 47.01245367201462, 48.423935097212365, 50.6821403710713, 52.939379873258645, 55.19579974195193, 56.602701871519486, 58.8576084124505, 61.1115683719315, 63.364871678822745, 65.61802361189953, 67.0193053904639, 69.27030276776989, 71.52086234846061, 73.77145723164622, 9.64128465764965, 12.367491194851215, 15.06577197633387, 17.346171466381023, 19.768434261713637, 22.288888732685948, 24.00856283028921, 26.63367388323797, 28.4069417975638, 31.09525235388964, 33.80963184716887, 35.63082858681766, 37.45961198331416, 40.21582406104778, 42.059873249235466, 44.83527309746741, 46.69029658001091, 48.54870244331779, 50.410389899683366, 53.20838024849033, 55.076422110310986, 56.94685964588622, 58.81940065152055, 60.69359659611695, 63.507357117154015, 65.38535263667299, 67.26439975700845, 69.14439875342133, 71.02549077925575, 73.84958051801962, 12.568109462024156, 15.061018014497446, 18.268399430718077, 20.59981325813127, 23.74555923652474, 26.035776614412267, 28.316516078428073, 30.59122487120849, 32.86213084700787, 35.98542132422773, 38.253117549757675, 40.519546194641975, 42.78533150650729, 45.05073025273354, 47.31555413148344, 49.57942095220676, 52.70579942351613, 54.104000030529896, 57.23185425580387, 58.626707740717045, 60.88768719650084, 64.01419588249799, 65.40694099537525, 67.66496082290652, 69.92241356543911, 72.17971646211413, 74.43685506503559, 76.69340454309322, 78.9489322003633, 10.696176248107648, 13.274568661370001, 16.57726803307652, 18.84408081479284, 22.06997731925978, 24.594926950462686, 28.057412867908923, 29.8195102355549, 33.388406440942475, 35.191100452707246, 37.91385382789244, 40.65445046804645, 43.409076699683055, 46.17561794437509, 48.02604610129329, 50.808406439271764, 52.667805437887324, 55.46217814389306, 58.262764130739846, 61.06807547993973, 62.94061146093343, 64.81466393849576, 67.6294275732341, 70.44685686148617, 73.2669629412348, 75.14887516813721, 77.03186709238173, 79.85734620732536, 81.74261216982791, 84.57120947561903, 9.732154431337943, 12.568109462024156, 15.061018014497446, 18.268399430718077, 20.59981325813127, 23.74555923652474, 26.035776614412267, 28.316516078428073, 30.59122487120849, 32.86213084700787, 35.98542132422773, 38.253117549757675, 40.519546194641975, 42.78533150650729, 45.05073025273354, 47.31555413148344, 49.57942095220676, 52.70579942351613, 54.104000030529896, 57.23185425580387, 58.626707740717045, 60.88768719650084, 64.01419588249799, 65.40694099537525, 67.66496082290652, 69.92241356543911, 72.17971646211413, 74.43685506503559, 76.69340454309322, 78.9489322003633, 

12.568109462024156, 15.061018014497446, 17.44034487290601, 19.768434261713637, 22.06997731925978, 24.35662557763137, 26.6343313031129, 28.906263038693766, 31.17429469282464, 33.439782877693915, 35.703813329082095, 37.967088355934536, 40.22979060694412, 42.491698648972914, 44.752562413892605, 47.01245367201462, 48.423935097212365, 50.6821403710713, 52.939379873258645, 55.19579974195193, 56.602701871519486, 58.8576084124505, 61.1115683719315, 63.364871678822745, 65.61802361189953, 67.0193053904639, 69.27030276776989, 71.52086234846061, 73.77145723164622, 9.64128465764965, 12.367491194851215, 15.06577197633387, 17.346171466381023, 19.768434261713637, 22.288888732685948, 24.00856283028921, 26.63367388323797, 28.4069417975638, 31.09525235388964, 33.80963184716887, 35.63082858681766, 37.45961198331416, 40.21582406104778, 42.059873249235466, 44.83527309746741, 46.69029658001091, 48.54870244331779, 50.410389899683366, 53.20838024849033, 55.076422110310986, 56.94685964588622, 58.81940065152055, 60.69359659611695, 63.507357117154015, 65.38535263667299, 67.26439975700845, 69.14439875342133, 71.02549077925575, 73.84958051801962, 12.568109462024156, 15.061018014497446, 18.268399430718077, 20.59981325813127, 23.74555923652474, 26.035776614412267, 28.316516078428073, 30.59122487120849, 32.86213084700787, 35.98542132422773, 38.253117549757675, 40.519546194641975, 42.78533150650729, 45.05073025273354, 47.31555413148344, 49.57942095220676, 52.70579942351613, 54.104000030529896, 57.23185425580387, 58.626707740717045, 60.88768719650084, 64.01419588249799, 65.40694099537525, 67.66496082290652, 69.92241356543911, 72.17971646211413, 74.43685506503559, 76.69340454309322, 78.9489322003633, 10.696176248107648, 13.274568661370001, 16.57726803307652, 18.84408081479284, 22.06997731925978, 24.594926950462686, 28.057412867908923, 29.8195102355549, 33.388406440942475, 35.191100452707246, 37.91385382789244, 40.65445046804645, 43.409076699683055, 46.17561794437509, 48.02604610129329, 50.808406439271764, 52.667805437887324, 55.46217814389306, 58.262764130739846, 61.06807547993973, 62.94061146093343, 64.81466393849576, 67.6294275732341, 70.44685686148617, 73.2669629412348, 75.14887516813721, 77.03186709238173, 79.85734620732536, 81.74261216982791, 84.57120947561903, 9.732154431337943, 12.568109462024156, 15.061018014497446, 18.268399430718077, 20.59981325813127, 23.74555923652474, 26.035776614412267, 28.316516078428073, 30.59122487120849, 32.86213084700787, 35.98542132422773, 38.253117549757675, 40.519546194641975, 42.78533150650729, 45.05073025273354, 47.31555413148344, 49.57942095220676, 52.70579942351613, 54.104000030529896, 57.23185425580387, 58.626707740717045, 60.88768719650084, 64.01419588249799, 65.40694099537525, 67.66496082290652, 69.92241356543911, 72.17971646211413, 74.43685506503559, 76.69340454309322, 78.9489322003633, 10.52748944746447, 13.383602961897587, 16.720115114658494, 19.10651999230948, 22.288888732685948, 24.594926950462686, 27.742977970803082, 30.024537977619243, 33.16401210030364, 35.43685123949373, 37.707185135483265, 40.844896391142356, 43.11301198305581, 46.25293690443086, 48.520071859013115, 50.786166242011106, 53.05152239922805, 55.31656393233859, 58.45849164039949, 60.722319046403996, 62.985923999497295, 65.24932356241949, 67.51212405358231, 70.65371074283841, 72.91542779182487, 75.17634755055693, 77.43609919574186, 79.69475641033361, 81.95277702307709, 84.2105915695372, 

12.568109462024156, 15.061018014497446, 17.44034487290601, 19.768434261713637, 22.06997731925978, 24.35662557763137, 26.6343313031129, 28.906263038693766, 31.17429469282464, 33.439782877693915, 35.703813329082095, 37.967088355934536, 40.22979060694412, 42.491698648972914, 44.752562413892605, 47.01245367201462, 48.423935097212365, 50.6821403710713, 52.939379873258645, 55.19579974195193, 56.602701871519486, 58.8576084124505, 61.1115683719315, 63.364871678822745, 65.61802361189953, 67.0193053904639, 69.27030276776989, 71.52086234846061, 73.77145723164622, 9.64128465764965, 12.367491194851215, 15.06577197633387, 17.346171466381023, 19.768434261713637, 22.288888732685948, 24.00856283028921, 26.63367388323797, 28.4069417975638, 31.09525235388964, 33.80963184716887, 35.63082858681766, 37.45961198331416, 40.21582406104778, 42.059873249235466, 44.83527309746741, 46.69029658001091, 48.54870244331779, 50.410389899683366, 53.20838024849033, 55.076422110310986, 56.94685964588622, 58.81940065152055, 60.69359659611695, 63.507357117154015, 65.38535263667299, 67.26439975700845, 69.14439875342133, 71.02549077925575, 73.84958051801962, 12.568109462024156, 15.061018014497446, 18.268399430718077, 20.59981325813127, 23.74555923652474, 26.035776614412267, 28.316516078428073, 30.59122487120849, 32.86213084700787, 35.98542132422773, 38.253117549757675, 40.519546194641975, 42.78533150650729, 45.05073025273354, 47.31555413148344, 49.57942095220676, 52.70579942351613, 54.104000030529896, 57.23185425580387, 58.626707740717045, 60.88768719650084, 64.01419588249799, 65.40694099537525, 67.66496082290652, 69.92241356543911, 72.17971646211413, 74.43685506503559, 76.69340454309322, 78.9489322003633, 10.696176248107648, 13.274568661370001, 16.57726803307652, 18.84408081479284, 22.06997731925978, 24.594926950462686, 28.057412867908923, 29.8195102355549, 33.388406440942475, 35.191100452707246, 37.91385382789244, 40.65445046804645, 43.409076699683055, 46.17561794437509, 48.02604610129329, 50.808406439271764, 52.667805437887324, 55.46217814389306, 58.262764130739846, 61.06807547993973, 62.94061146093343, 64.81466393849576, 67.6294275732341, 70.44685686148617, 73.2669629412348, 75.14887516813721, 77.03186709238173, 79.85734620732536, 81.74261216982791, 84.57120947561903, 9.732154431337943, 12.568109462024156, 15.061018014497446, 18.268399430718077, 20.59981325813127, 23.74555923652474, 26.035776614412267, 28.316516078428073, 30.59122487120849, 32.86213084700787, 35.98542132422773, 38.253117549757675, 40.519546194641975, 42.78533150650729, 45.05073025273354, 47.31555413148344, 49.57942095220676, 52.70579942351613, 54.104000030529896, 57.23185425580387, 58.626707740717045, 60.88768719650084, 64.01419588249799, 65.40694099537525, 67.66496082290652, 69.92241356543911, 72.17971646211413, 74.43685506503559, 76.69340454309322, 78.9489322003633, 10.52748944746447, 13.383602961897587, 16.720115114658494, 19.10651999230948, 22.288888732685948, 24.594926950462686, 27.742977970803082, 30.024537977619243, 33.16401210030364, 35.43685123949373, 37.707185135483265, 40.844896391142356, 43.11301198305581, 46.25293690443086, 48.520071859013115, 50.786166242011106, 53.05152239922805, 55.31656393233859, 58.45849164039949, 60.722319046403996, 62.985923999497295, 65.24932356241949, 67.51212405358231, 70.65371074283841, 72.91542779182487, 75.17634755055693, 77.43609919574186, 79.69475641033361, 81.95277702307709, 84.2105915695372, 12.820689604564683, 15.462840875715155, 18.49117201091082, 20.92220107029094, 23.444622309109313, 26.03310873557082, 28.670903799610535, 30.450388871207977, 33.14492582068851, 35.86378465683167, 38.601357577506306, 40.43530080776165, 42.27489492779671, 45.04435599235149, 46.895942580985164, 49.68060191558921, 52.472116207431014, 54.337121768548414, 57.138413702309194, 59.00913646040074, 60.8817274425773, 63.69325018610307, 65.57000354365562, 67.44794882322452, 70.26705209315183, 72.14813826896984, 74.03000358652297, 76.85487286031892, 78.73915362820907, 

12.568109462024156, 15.061018014497446, 17.44034487290601, 19.768434261713637, 22.06997731925978, 24.35662557763137, 26.6343313031129, 28.906263038693766, 31.17429469282464, 33.439782877693915, 35.703813329082095, 37.967088355934536, 40.22979060694412, 42.491698648972914, 44.752562413892605, 47.01245367201462, 48.423935097212365, 50.6821403710713, 52.939379873258645, 55.19579974195193, 56.602701871519486, 58.8576084124505, 61.1115683719315, 63.364871678822745, 65.61802361189953, 67.0193053904639, 69.27030276776989, 71.52086234846061, 73.77145723164622, 9.64128465764965, 12.367491194851215, 15.06577197633387, 17.346171466381023, 19.768434261713637, 22.288888732685948, 24.00856283028921, 26.63367388323797, 28.4069417975638, 31.09525235388964, 33.80963184716887, 35.63082858681766, 37.45961198331416, 40.21582406104778, 42.059873249235466, 44.83527309746741, 46.69029658001091, 48.54870244331779, 50.410389899683366, 53.20838024849033, 55.076422110310986, 56.94685964588622, 58.81940065152055, 60.69359659611695, 63.507357117154015, 65.38535263667299, 67.26439975700845, 69.14439875342133, 71.02549077925575, 73.84958051801962, 12.568109462024156, 15.061018014497446, 18.268399430718077, 20.59981325813127, 23.74555923652474, 26.035776614412267, 28.316516078428073, 30.59122487120849, 32.86213084700787, 35.98542132422773, 38.253117549757675, 40.519546194641975, 42.78533150650729, 45.05073025273354, 47.31555413148344, 49.57942095220676, 52.70579942351613, 54.104000030529896, 57.23185425580387, 58.626707740717045, 60.88768719650084, 64.01419588249799, 65.40694099537525, 67.66496082290652, 69.92241356543911, 72.17971646211413, 74.43685506503559, 76.69340454309322, 78.9489322003633, 10.696176248107648, 13.274568661370001, 16.57726803307652, 18.84408081479284, 22.06997731925978, 24.594926950462686, 28.057412867908923, 29.8195102355549, 33.388406440942475, 35.191100452707246, 37.91385382789244, 40.65445046804645, 43.409076699683055, 46.17561794437509, 48.02604610129329, 50.808406439271764, 52.667805437887324, 55.46217814389306, 58.262764130739846, 61.06807547993973, 62.94061146093343, 64.81466393849576, 67.6294275732341, 70.44685686148617, 73.2669629412348, 75.14887516813721, 77.03186709238173, 79.85734620732536, 81.74261216982791, 84.57120947561903, 9.732154431337943, 12.568109462024156, 15.061018014497446, 18.268399430718077, 20.59981325813127, 23.74555923652474, 26.035776614412267, 28.316516078428073, 30.59122487120849, 32.86213084700787, 35.98542132422773, 38.253117549757675, 40.519546194641975, 42.78533150650729, 45.05073025273354, 47.31555413148344, 49.57942095220676, 52.70579942351613, 54.104000030529896, 57.23185425580387, 58.626707740717045, 60.88768719650084, 64.01419588249799, 65.40694099537525, 67.66496082290652, 69.92241356543911, 72.17971646211413, 74.43685506503559, 76.69340454309322, 78.9489322003633, 10.52748944746447, 13.383602961897587, 16.720115114658494, 19.10651999230948, 22.288888732685948, 24.594926950462686, 27.742977970803082, 30.024537977619243, 33.16401210030364, 35.43685123949373, 37.707185135483265, 40.844896391142356, 43.11301198305581, 46.25293690443086, 48.520071859013115, 50.786166242011106, 53.05152239922805, 55.31656393233859, 58.45849164039949, 60.722319046403996, 62.985923999497295, 65.24932356241949, 67.51212405358231, 70.65371074283841, 72.91542779182487, 75.17634755055693, 77.43609919574186, 79.69475641033361, 81.95277702307709, 84.2105915695372, 12.820689604564683, 15.462840875715155, 18.49117201091082, 20.92220107029094, 23.444622309109313, 26.03310873557082, 28.670903799610535, 30.450388871207977, 33.14492582068851, 35.86378465683167, 38.601357577506306, 40.43530080776165, 42.27489492779671, 45.04435599235149, 46.895942580985164, 49.68060191558921, 52.472116207431014, 54.337121768548414, 57.138413702309194, 59.00913646040074, 60.8817274425773, 63.69325018610307, 65.57000354365562, 67.44794882322452, 70.26705209315183, 72.14813826896984, 74.03000358652297, 76.85487286031892, 78.73915362820907, 11.220112030900754, 14.314723686435133, 16.966790456018874, 19.978056427866065, 23.215038413724606, 26.598375517345247, 29.203287826658276, 31.850581076118768, 34.5301309229218, 37.2351684817193, 39.96128201632419, 43.62194257550003, 45.4614375428657, 49.15424087037347, 51.006849833812296, 53.79313661396603, 56.58622940123384, 59.384740711022935, 62.188481003370555, 64.06049795357208, 67.81001682177533, 69.68675975367586, 72.50490618758953, 75.32536865178591, 77.20763890787131, 80.03212832031417, 82.85912322981676, 84.74478822306364, 87.57501815838293, 90.40704098187423, 

12.568109462024156, 15.061018014497446, 17.44034487290601, 19.768434261713637, 22.06997731925978, 24.35662557763137, 26.6343313031129, 28.906263038693766, 31.17429469282464, 33.439782877693915, 35.703813329082095, 37.967088355934536, 40.22979060694412, 42.491698648972914, 44.752562413892605, 47.01245367201462, 48.423935097212365, 50.6821403710713, 52.939379873258645, 55.19579974195193, 56.602701871519486, 58.8576084124505, 61.1115683719315, 63.364871678822745, 65.61802361189953, 67.0193053904639, 69.27030276776989, 71.52086234846061, 73.77145723164622, 9.64128465764965, 12.367491194851215, 15.06577197633387, 17.346171466381023, 19.768434261713637, 22.288888732685948, 24.00856283028921, 26.63367388323797, 28.4069417975638, 31.09525235388964, 33.80963184716887, 35.63082858681766, 37.45961198331416, 40.21582406104778, 42.059873249235466, 44.83527309746741, 46.69029658001091, 48.54870244331779, 50.410389899683366, 53.20838024849033, 55.076422110310986, 56.94685964588622, 58.81940065152055, 60.69359659611695, 63.507357117154015, 65.38535263667299, 67.26439975700845, 69.14439875342133, 71.02549077925575, 73.84958051801962, 12.568109462024156, 15.061018014497446, 18.268399430718077, 20.59981325813127, 23.74555923652474, 26.035776614412267, 28.316516078428073, 30.59122487120849, 32.86213084700787, 35.98542132422773, 38.253117549757675, 40.519546194641975, 42.78533150650729, 45.05073025273354, 47.31555413148344, 49.57942095220676, 52.70579942351613, 54.104000030529896, 57.23185425580387, 58.626707740717045, 60.88768719650084, 64.01419588249799, 65.40694099537525, 67.66496082290652, 69.92241356543911, 72.17971646211413, 74.43685506503559, 76.69340454309322, 78.9489322003633, 10.696176248107648, 13.274568661370001, 16.57726803307652, 18.84408081479284, 22.06997731925978, 24.594926950462686, 28.057412867908923, 29.8195102355549, 33.388406440942475, 35.191100452707246, 37.91385382789244, 40.65445046804645, 43.409076699683055, 46.17561794437509, 48.02604610129329, 50.808406439271764, 52.667805437887324, 55.46217814389306, 58.262764130739846, 61.06807547993973, 62.94061146093343, 64.81466393849576, 67.6294275732341, 70.44685686148617, 73.2669629412348, 75.14887516813721, 77.03186709238173, 79.85734620732536, 81.74261216982791, 84.57120947561903, 9.732154431337943, 12.568109462024156, 15.061018014497446, 18.268399430718077, 20.59981325813127, 23.74555923652474, 26.035776614412267, 28.316516078428073, 30.59122487120849, 32.86213084700787, 35.98542132422773, 38.253117549757675, 40.519546194641975, 42.78533150650729, 45.05073025273354, 47.31555413148344, 49.57942095220676, 52.70579942351613, 54.104000030529896, 57.23185425580387, 58.626707740717045, 60.88768719650084, 64.01419588249799, 65.40694099537525, 67.66496082290652, 69.92241356543911, 72.17971646211413, 74.43685506503559, 76.69340454309322, 78.9489322003633, 10.52748944746447, 13.383602961897587, 16.720115114658494, 19.10651999230948, 22.288888732685948, 24.594926950462686, 27.742977970803082, 30.024537977619243, 33.16401210030364, 35.43685123949373, 37.707185135483265, 40.844896391142356, 43.11301198305581, 46.25293690443086, 48.520071859013115, 50.786166242011106, 53.05152239922805, 55.31656393233859, 58.45849164039949, 60.722319046403996, 62.985923999497295, 65.24932356241949, 67.51212405358231, 70.65371074283841, 72.91542779182487, 75.17634755055693, 77.43609919574186, 79.69475641033361, 81.95277702307709, 84.2105915695372, 12.820689604564683, 15.462840875715155, 18.49117201091082, 20.92220107029094, 23.444622309109313, 26.03310873557082, 28.670903799610535, 30.450388871207977, 33.14492582068851, 35.86378465683167, 38.601357577506306, 40.43530080776165, 42.27489492779671, 45.04435599235149, 46.895942580985164, 49.68060191558921, 52.472116207431014, 54.337121768548414, 57.138413702309194, 59.00913646040074, 60.8817274425773, 63.69325018610307, 65.57000354365562, 67.44794882322452, 70.26705209315183, 72.14813826896984, 74.03000358652297, 76.85487286031892, 78.73915362820907, 11.220112030900754, 14.314723686435133, 16.966790456018874, 19.978056427866065, 23.215038413724606, 26.598375517345247, 29.203287826658276, 31.850581076118768, 34.5301309229218, 37.2351684817193, 39.96128201632419, 43.62194257550003, 45.4614375428657, 49.15424087037347, 51.006849833812296, 53.79313661396603, 56.58622940123384, 59.384740711022935, 62.188481003370555, 64.06049795357208, 67.81001682177533, 69.68675975367586, 72.50490618758953, 75.32536865178591, 77.20763890787131, 80.03212832031417, 82.85912322981676, 84.74478822306364, 87.57501815838293, 90.40704098187423, 11.742258375925601, 14.758209114329663, 18.074164643490427, 21.109796333164837, 24.35662557763137, 27.742977970803082, 30.34693825737946, 33.88105615221618, 36.56789583104043, 40.18560727284583, 42.9212928318108, 45.671432524700364, 48.43344611548767, 51.20613839961487, 54.917001915715794, 56.777437431326106, 60.5057565698945, 63.30900610521095, 65.17995967205884, 68.927583260095, 70.80430177712759, 74.56180769114192, 76.44209207746232, 79.26544148244415, 82.09057203738635, 84.91776093535609, 87.74746270853288, 90.57902701396706, 92.46716932859815, 96.24545767895884, 

12.568109462024156, 15.061018014497446, 17.44034487290601, 19.768434261713637, 22.06997731925978, 24.35662557763137, 26.6343313031129, 28.906263038693766, 31.17429469282464, 33.439782877693915, 35.703813329082095, 37.967088355934536, 40.22979060694412, 42.491698648972914, 44.752562413892605, 47.01245367201462, 48.423935097212365, 50.6821403710713, 52.939379873258645, 55.19579974195193, 56.602701871519486, 58.8576084124505, 61.1115683719315, 63.364871678822745, 65.61802361189953, 67.0193053904639, 69.27030276776989, 71.52086234846061, 73.77145723164622, 9.64128465764965, 12.367491194851215, 15.06577197633387, 17.346171466381023, 19.768434261713637, 22.288888732685948, 24.00856283028921, 26.63367388323797, 28.4069417975638, 31.09525235388964, 33.80963184716887, 35.63082858681766, 37.45961198331416, 40.21582406104778, 42.059873249235466, 44.83527309746741, 46.69029658001091, 48.54870244331779, 50.410389899683366, 53.20838024849033, 55.076422110310986, 56.94685964588622, 58.81940065152055, 60.69359659611695, 63.507357117154015, 65.38535263667299, 67.26439975700845, 69.14439875342133, 71.02549077925575, 73.84958051801962, 12.568109462024156, 15.061018014497446, 18.268399430718077, 20.59981325813127, 23.74555923652474, 26.035776614412267, 28.316516078428073, 30.59122487120849, 32.86213084700787, 35.98542132422773, 38.253117549757675, 40.519546194641975, 42.78533150650729, 45.05073025273354, 47.31555413148344, 49.57942095220676, 52.70579942351613, 54.104000030529896, 57.23185425580387, 58.626707740717045, 60.88768719650084, 64.01419588249799, 65.40694099537525, 67.66496082290652, 69.92241356543911, 72.17971646211413, 74.43685506503559, 76.69340454309322, 78.9489322003633, 10.696176248107648, 13.274568661370001, 16.57726803307652, 18.84408081479284, 22.06997731925978, 24.594926950462686, 28.057412867908923, 29.8195102355549, 33.388406440942475, 35.191100452707246, 37.91385382789244, 40.65445046804645, 43.409076699683055, 46.17561794437509, 48.02604610129329, 50.808406439271764, 52.667805437887324, 55.46217814389306, 58.262764130739846, 61.06807547993973, 62.94061146093343, 64.81466393849576, 67.6294275732341, 70.44685686148617, 73.2669629412348, 75.14887516813721, 77.03186709238173, 79.85734620732536, 81.74261216982791, 84.57120947561903, 9.732154431337943, 12.568109462024156, 15.061018014497446, 18.268399430718077, 20.59981325813127, 23.74555923652474, 26.035776614412267, 28.316516078428073, 30.59122487120849, 32.86213084700787, 35.98542132422773, 38.253117549757675, 40.519546194641975, 42.78533150650729, 45.05073025273354, 47.31555413148344, 49.57942095220676, 52.70579942351613, 54.104000030529896, 57.23185425580387, 58.626707740717045, 60.88768719650084, 64.01419588249799, 65.40694099537525, 67.66496082290652, 69.92241356543911, 72.17971646211413, 74.43685506503559, 76.69340454309322, 78.9489322003633, 10.52748944746447, 13.383602961897587, 16.720115114658494, 19.10651999230948, 22.288888732685948, 24.594926950462686, 27.742977970803082, 30.024537977619243, 33.16401210030364, 35.43685123949373, 37.707185135483265, 40.844896391142356, 43.11301198305581, 46.25293690443086, 48.520071859013115, 50.786166242011106, 53.05152239922805, 55.31656393233859, 58.45849164039949, 60.722319046403996, 62.985923999497295, 65.24932356241949, 67.51212405358231, 70.65371074283841, 72.91542779182487, 75.17634755055693, 77.43609919574186, 79.69475641033361, 81.95277702307709, 84.2105915695372, 12.820689604564683, 15.462840875715155, 18.49117201091082, 20.92220107029094, 23.444622309109313, 26.03310873557082, 28.670903799610535, 30.450388871207977, 33.14492582068851, 35.86378465683167, 38.601357577506306, 40.43530080776165, 42.27489492779671, 45.04435599235149, 46.895942580985164, 49.68060191558921, 52.472116207431014, 54.337121768548414, 57.138413702309194, 59.00913646040074, 60.8817274425773, 63.69325018610307, 65.57000354365562, 67.44794882322452, 70.26705209315183, 72.14813826896984, 74.03000358652297, 76.85487286031892, 78.73915362820907, 11.220112030900754, 14.314723686435133, 16.966790456018874, 19.978056427866065, 23.215038413724606, 26.598375517345247, 29.203287826658276, 31.850581076118768, 34.5301309229218, 37.2351684817193, 39.96128201632419, 43.62194257550003, 45.4614375428657, 49.15424087037347, 51.006849833812296, 53.79313661396603, 56.58622940123384, 59.384740711022935, 62.188481003370555, 64.06049795357208, 67.81001682177533, 69.68675975367586, 72.50490618758953, 75.32536865178591, 77.20763890787131, 80.03212832031417, 82.85912322981676, 84.74478822306364, 87.57501815838293, 90.40704098187423, 11.742258375925601, 14.758209114329663, 18.074164643490427, 21.109796333164837, 24.35662557763137, 27.742977970803082, 30.34693825737946, 33.88105615221618, 36.56789583104043, 40.18560727284583, 42.9212928318108, 45.671432524700364, 48.43344611548767, 51.20613839961487, 54.917001915715794, 56.777437431326106, 60.5057565698945, 63.30900610521095, 65.17995967205884, 68.927583260095, 70.80430177712759, 74.56180769114192, 76.44209207746232, 79.26544148244415, 82.09057203738635, 84.91776093535609, 87.74746270853288, 90.57902701396706, 92.46716932859815, 96.24545767895884, 10.52748944746447, 14.21474013106658, 16.720115114658494, 19.955042349746517, 23.145548958315732, 26.314468898417406, 29.47351386881425, 31.75470142978941, 34.90354721735028, 37.1759252654321, 40.322909042853, 43.47087704651817, 45.73960318252239, 48.88854059888225, 51.156230550456186, 54.30680215094306, 56.573469679091666, 59.72589161644454, 61.991315811836785, 64.25660595989075, 67.40951734869678, 69.67344827053903, 72.82772272227632, 75.09009423507443, 77.35230325061849, 79.61397711916455, 82.76694666943472, 85.0273017873656, 87.28693398017899, 90.4397430415886, 

12.568109462024156, 15.061018014497446, 17.44034487290601, 19.768434261713637, 22.06997731925978, 24.35662557763137, 26.6343313031129, 28.906263038693766, 31.17429469282464, 33.439782877693915, 35.703813329082095, 37.967088355934536, 40.22979060694412, 42.491698648972914, 44.752562413892605, 47.01245367201462, 48.423935097212365, 50.6821403710713, 52.939379873258645, 55.19579974195193, 56.602701871519486, 58.8576084124505, 61.1115683719315, 63.364871678822745, 65.61802361189953, 67.0193053904639, 69.27030276776989, 71.52086234846061, 73.77145723164622, 9.64128465764965, 12.367491194851215, 15.06577197633387, 17.346171466381023, 19.768434261713637, 22.288888732685948, 24.00856283028921, 26.63367388323797, 28.4069417975638, 31.09525235388964, 33.80963184716887, 35.63082858681766, 37.45961198331416, 40.21582406104778, 42.059873249235466, 44.83527309746741, 46.69029658001091, 48.54870244331779, 50.410389899683366, 53.20838024849033, 55.076422110310986, 56.94685964588622, 58.81940065152055, 60.69359659611695, 63.507357117154015, 65.38535263667299, 67.26439975700845, 69.14439875342133, 71.02549077925575, 73.84958051801962, 12.568109462024156, 15.061018014497446, 18.268399430718077, 20.59981325813127, 23.74555923652474, 26.035776614412267, 28.316516078428073, 30.59122487120849, 32.86213084700787, 35.98542132422773, 38.253117549757675, 40.519546194641975, 42.78533150650729, 45.05073025273354, 47.31555413148344, 49.57942095220676, 52.70579942351613, 54.104000030529896, 57.23185425580387, 58.626707740717045, 60.88768719650084, 64.01419588249799, 65.40694099537525, 67.66496082290652, 69.92241356543911, 72.17971646211413, 74.43685506503559, 76.69340454309322, 78.9489322003633, 10.696176248107648, 13.274568661370001, 16.57726803307652, 18.84408081479284, 22.06997731925978, 24.594926950462686, 28.057412867908923, 29.8195102355549, 33.388406440942475, 35.191100452707246, 37.91385382789244, 40.65445046804645, 43.409076699683055, 46.17561794437509, 48.02604610129329, 50.808406439271764, 52.667805437887324, 55.46217814389306, 58.262764130739846, 61.06807547993973, 62.94061146093343, 64.81466393849576, 67.6294275732341, 70.44685686148617, 73.2669629412348, 75.14887516813721, 77.03186709238173, 79.85734620732536, 81.74261216982791, 84.57120947561903, 9.732154431337943, 12.568109462024156, 15.061018014497446, 18.268399430718077, 20.59981325813127, 23.74555923652474, 26.035776614412267, 28.316516078428073, 30.59122487120849, 32.86213084700787, 35.98542132422773, 38.253117549757675, 40.519546194641975, 42.78533150650729, 45.05073025273354, 47.31555413148344, 49.57942095220676, 52.70579942351613, 54.104000030529896, 57.23185425580387, 58.626707740717045, 60.88768719650084, 64.01419588249799, 65.40694099537525, 67.66496082290652, 69.92241356543911, 72.17971646211413, 74.43685506503559, 76.69340454309322, 78.9489322003633, 10.52748944746447, 13.383602961897587, 16.720115114658494, 19.10651999230948, 22.288888732685948, 24.594926950462686, 27.742977970803082, 30.024537977619243, 33.16401210030364, 35.43685123949373, 37.707185135483265, 40.844896391142356, 43.11301198305581, 46.25293690443086, 48.520071859013115, 50.786166242011106, 53.05152239922805, 55.31656393233859, 58.45849164039949, 60.722319046403996, 62.985923999497295, 65.24932356241949, 67.51212405358231, 70.65371074283841, 72.91542779182487, 75.17634755055693, 77.43609919574186, 79.69475641033361, 81.95277702307709, 84.2105915695372, 12.820689604564683, 15.462840875715155, 18.49117201091082, 20.92220107029094, 23.444622309109313, 26.03310873557082, 28.670903799610535, 30.450388871207977, 33.14492582068851, 35.86378465683167, 38.601357577506306, 40.43530080776165, 42.27489492779671, 45.04435599235149, 46.895942580985164, 49.68060191558921, 52.472116207431014, 54.337121768548414, 57.138413702309194, 59.00913646040074, 60.8817274425773, 63.69325018610307, 65.57000354365562, 67.44794882322452, 70.26705209315183, 72.14813826896984, 74.03000358652297, 76.85487286031892, 78.73915362820907, 11.220112030900754, 14.314723686435133, 16.966790456018874, 19.978056427866065, 23.215038413724606, 26.598375517345247, 29.203287826658276, 31.850581076118768, 34.5301309229218, 37.2351684817193, 39.96128201632419, 43.62194257550003, 45.4614375428657, 49.15424087037347, 51.006849833812296, 53.79313661396603, 56.58622940123384, 59.384740711022935, 62.188481003370555, 64.06049795357208, 67.81001682177533, 69.68675975367586, 72.50490618758953, 75.32536865178591, 77.20763890787131, 80.03212832031417, 82.85912322981676, 84.74478822306364, 87.57501815838293, 90.40704098187423, 11.742258375925601, 14.758209114329663, 18.074164643490427, 21.109796333164837, 24.35662557763137, 27.742977970803082, 30.34693825737946, 33.88105615221618, 36.56789583104043, 40.18560727284583, 42.9212928318108, 45.671432524700364, 48.43344611548767, 51.20613839961487, 54.917001915715794, 56.777437431326106, 60.5057565698945, 63.30900610521095, 65.17995967205884, 68.927583260095, 70.80430177712759, 74.56180769114192, 76.44209207746232, 79.26544148244415, 82.09057203738635, 84.91776093535609, 87.74746270853288, 90.57902701396706, 92.46716932859815, 96.24545767895884, 10.52748944746447, 14.21474013106658, 16.720115114658494, 19.955042349746517, 23.145548958315732, 26.314468898417406, 29.47351386881425, 31.75470142978941, 34.90354721735028, 37.1759252654321, 40.322909042853, 43.47087704651817, 45.73960318252239, 48.88854059888225, 51.156230550456186, 54.30680215094306, 56.573469679091666, 59.72589161644454, 61.991315811836785, 64.25660595989075, 67.40951734869678, 69.67344827053903, 72.82772272227632, 75.09009423507443, 77.35230325061849, 79.61397711916455, 82.76694666943472, 85.0273017873656, 87.28693398017899, 90.4397430415886, 11.344469181551855, 14.21474013106658, 17.5673025192011, 20.811297797284013, 24.00856283028921, 28.057412867908923, 30.34693825737946, 33.50406191393188, 36.6594499952805, 39.814879915766, 42.970038869280415, 45.23866265925163, 48.393598419726736, 51.55047468177062, 54.70993932672245, 56.97559214151364, 60.13610514034186, 63.29691600367597, 65.56215122401224, 68.72323396158498, 70.98763939425729, 74.1490626371212, 76.41225792011218, 79.57414544399148, 81.83583065324514, 84.9982266834228, 88.16213172709479, 90.42104676081468, 92.67945693304122, 95.84236390352584, 